-1.3163378614770098 0.6271884734280064 -1.0645769547945496 -1.22593125177903 
0.18210207569840012 -0.08789577181057422 0.5703426403886066 0.727419788400006 
-1.0665978719477747 0.2696463508087165 -1.4592127191491049 -1.22593125177903 
-0.3173779033600702 -0.2666668331202196 -0.10617581279063035 0.11699758834405724 
-0.3173779033600702 -0.445437894429865 0.6267191781535434 0.9715886684223853 
-0.9417278771831575 0.6271884734280064 -1.2900831058542954 -1.22593125177903 
-1.815817840535479 -0.2666668331202196 -1.3464596436192318 -1.22593125177903 
-0.5671178928893043 1.5210437799762324 -1.1773300303244227 -0.9817623717566505 
-0.9417278771831575 0.4484174121183611 -1.1773300303244227 -0.8596779317454608 
-0.3173779033600702 -0.08789577181057422 0.17570687603405155 0.11699758834405724 
-0.9417278771831575 0.8059595347376518 -1.3464596436192318 -1.1038468117678402 
0.5567120599922523 -0.2666668331202196 1.0213549425080979 0.727419788400006 
2.5546319762261325 1.342272718666587 1.4723672446275897 0.9715886684223853 
1.68054201287381 0.2696463508087165 1.246861093567844 0.727419788400006 
-1.1914678667123917 -0.9817510783588003 0.40121302709379747 0.6053353483888161 
-0.19250790859545208 1.342272718666587 -1.1773300303244227 -1.1038468117678402 
0.5567120599922523 0.4484174121183611 0.5139661026236704 0.4832509083776265 
1.3059320285799578 0.2696463508087165 1.0777314802730347 1.3378419884559545 
-0.19250790859545208 -0.08789577181057422 0.23208341379898825 -0.005086851667132617 
1.3059320285799578 0.09087528949907116 0.6267191781535434 0.3611664683664367 
0.6815820547568704 0.2696463508087165 0.40121302709379747 0.3611664683664367 
-1.1914678667123917 -0.08789577181057422 -1.3464596436192318 -1.22593125177903 
0.3069720704630171 -0.445437894429865 0.5139661026236704 -0.005086851667132617 
-0.06763791383083506 1.6998148412858778 -1.4592127191491049 -1.22593125177903 
-1.1914678667123917 0.9847305960472972 -1.3464596436192318 -1.3480156917902197 
-1.566077851006245 0.09087528949907116 -1.2900831058542954 -1.22593125177903 
0.3069720704630171 -0.2666668331202196 0.5139661026236704 0.2390820283552468 
-0.6919878876539224 1.1635016573569426 -1.2900831058542954 -1.22593125177903 
0.3069720704630171 -0.08789577181057422 0.45758956485873364 0.2390820283552468 
0.4318420652276353 -1.5180642622877356 0.40121302709379747 0.3611664683664367 
-0.44224789812468723 0.8059595347376518 -1.402836181384168 -1.22593125177903 
0.4318420652276353 0.6271884734280064 0.9086018669782255 1.3378419884559545 
-0.44224789812468723 -0.9817510783588003 0.11933033826911531 0.11699758834405724 
-1.3163378614770098 0.09087528949907116 -1.2337065680893589 -1.22593125177903 
-0.9417278771831575 1.342272718666587 -1.0645769547945496 -0.9817623717566505 
1.0561920390507227 0.4484174121183611 1.0777314802730347 1.582010868478334 
0.5567120599922523 -0.9817510783588003 0.6830957159184796 0.8495042284111955 
-1.0665978719477747 0.8059595347376518 -1.2337065680893589 -0.737593491734271 
1.805412007638427 -0.2666668331202196 1.415990706862653 0.727419788400006 
0.4318420652276353 -0.445437894429865 0.5703426403886066 0.727419788400006 
-0.9417278771831575 -0.9817510783588003 -0.444435039380249 -0.1271712916783222 
0.6815820547568704 -0.6242089557395095 0.8522253292132888 0.8495042284111955 
-0.06763791383083506 -0.8029800170491549 0.11933033826911531 -0.005086851667132617 
0.8064520495214874 -0.08789577181057422 0.9649784047431617 0.727419788400006 
-0.9417278771831575 1.342272718666587 -1.2337065680893589 -1.22593125177903 
-0.44224789812468723 -1.1605221396684455 -0.04979927502569387 -0.24925573168951204 
0.05723208093378308 0.2696463508087165 0.5703426403886066 0.727419788400006 
-0.19250790859545208 -0.445437894429865 0.40121302709379747 0.11699758834405724 
-0.8168578824185394 0.8059595347376518 -1.2900831058542954 -1.22593125177903 
0.5567120599922523 -0.9817510783588003 0.6267191781535434 0.3611664683664367 
-0.44224789812468723 -0.8029800170491549 0.34483648932886124 -0.005086851667132617 
0.05723208093378308 -0.08789577181057422 0.23208341379898825 0.3611664683664367 
1.4308020233445748 0.2696463508087165 0.5139661026236704 0.2390820283552468 
-1.566077851006245 0.2696463508087165 -1.3464596436192318 -1.22593125177903 
0.6815820547568704 -0.445437894429865 1.0213549425080979 1.2157575484447651 
0.05723208093378308 -0.08789577181057422 0.7394722536834158 0.727419788400006 
1.0561920390507227 0.4484174121183611 1.0777314802730347 1.0936731084335753 
-0.9417278771831575 1.342272718666587 -1.2900831058542954 -1.1038468117678402 
-0.3173779033600702 -0.6242089557395095 0.23208341379898825 0.11699758834405724 
1.1810620338153397 -0.445437894429865 0.5703426403886066 0.2390820283552468 
1.0561920390507227 0.09087528949907116 0.34483648932886124 0.2390820283552468 
0.18210207569840012 -0.6242089557395095 0.7394722536834158 0.4832509083776265 
-1.0665978719477747 0.9847305960472972 -1.3464596436192318 -1.22593125177903 
-0.5671178928893043 1.5210437799762324 -1.402836181384168 -0.9817623717566505 
-0.06763791383083506 -0.6242089557395095 0.17570687603405155 -0.24925573168951204 
-1.1914678667123917 0.09087528949907116 -1.2900831058542954 -1.22593125177903 
-0.5671178928893043 1.1635016573569426 -1.2900831058542954 -1.22593125177903 
-1.0665978719477747 -1.339293200978091 -0.2753054260854398 -0.24925573168951204 
-0.8168578824185394 -0.6242089557395095 0.06295380050417884 0.2390820283552468 
-0.19250790859545208 -0.445437894429865 0.17570687603405155 0.11699758834405724 
-0.06763791383083506 -0.6242089557395095 0.7394722536834158 0.8495042284111955 
0.5567120599922523 0.4484174121183611 1.246861093567844 1.582010868478334 
-1.0665978719477747 0.4484174121183611 -1.3464596436192318 -1.22593125177903 
0.8064520495214874 0.2696463508087165 0.7394722536834158 0.9715886684223853 
2.3048919866968975 -0.8029800170491549 1.7542499334522719 1.3378419884559545 
-1.9406878353000971 -0.08789577181057422 -1.515589256914041 -1.3480156917902197 
0.3069720704630171 -0.445437894429865 0.11933033826911531 0.11699758834405724 
1.1810620338153397 -0.08789577181057422 0.9649784047431617 1.0936731084335753 
0.5567120599922523 -0.445437894429865 0.7394722536834158 0.3611664683664367 
-0.06763791383083506 -0.445437894429865 0.7394722536834158 1.4599264284671443 
1.3059320285799578 0.09087528949907116 0.9086018669782255 1.0936731084335753 
1.0561920390507227 0.09087528949907116 0.5139661026236704 0.3611664683664367 
0.6815820547568704 -0.2666668331202196 0.2884599515639245 0.11699758834405724 
-0.19250790859545208 -0.8029800170491549 -0.16255235055556683 -0.24925573168951204 
1.68054201287381 0.9847305960472972 1.30323763133278 1.582010868478334 
0.4318420652276353 -0.2666668331202196 0.2884599515639245 0.11699758834405724 
-1.3163378614770098 -0.08789577181057422 -1.3464596436192318 -1.1038468117678402 
0.6815820547568704 0.09087528949907116 0.9649784047431617 0.727419788400006 
-1.566077851006245 0.6271884734280064 -1.3464596436192318 -1.1038468117678402 
-0.5671178928893043 0.6271884734280064 -1.2900831058542954 -0.9817623717566505 
-0.3173779033600702 -0.9817510783588003 0.06295380050417884 -0.1271712916783222 
0.18210207569840012 0.6271884734280064 0.40121302709379747 0.4832509083776265 
1.1810620338153397 0.2696463508087165 1.1904845558029076 1.3378419884559545 
-1.4412078562416268 0.2696463508087165 -1.2337065680893589 -1.22593125177903 
1.9302820024030451 -0.445437894429865 1.30323763133278 0.8495042284111955 
-0.9417278771831575 0.8059595347376518 -1.3464596436192318 -1.22593125177903 
-0.06763791383083506 -0.6242089557395095 0.06295380050417884 -0.005086851667132617 
1.0561920390507227 -0.08789577181057422 0.6830957159184796 0.6053353483888161 
2.3048919866968975 -0.445437894429865 1.641496857922399 0.9715886684223853 
0.5567120599922523 -0.6242089557395095 0.6267191781535434 0.727419788400006 
0.8064520495214874 -0.08789577181057422 1.1341080180379708 1.2157575484447651 
2.1800219919322794 -0.08789577181057422 1.5851203201574622 1.0936731084335753 
-1.0665978719477747 0.8059595347376518 -1.402836181384168 -1.1038468117678402 
2.3048919866968975 -0.08789577181057422 1.30323763133278 1.3378419884559545 
-0.19250790859545208 -0.2666668331202196 0.23208341379898825 0.11699758834405724 
0.18210207569840012 -1.5180642622877356 0.6830957159184796 0.3611664683664367 
-1.815817840535479 -0.08789577181057422 -1.402836181384168 -1.22593125177903 
-1.0665978719477747 0.6271884734280064 -1.2337065680893589 -0.9817623717566505 
0.6815820547568704 -0.445437894429865 1.0213549425080979 1.0936731084335753 
0.3069720704630171 -0.08789577181057422 0.6267191781535434 0.727419788400006 
-1.815817840535479 0.2696463508087165 -1.402836181384168 -1.22593125177903 
0.8064520495214874 -0.08789577181057422 0.7958487914483525 0.9715886684223853 
-1.566077851006245 0.9847305960472972 -1.5719657946789776 -1.22593125177903 
-1.0665978719477747 -1.8756063849070264 -0.16255235055556683 -0.24925573168951204 
0.9313220442861045 -0.08789577181057422 0.34483648932886124 0.2390820283552468 
0.5567120599922523 -1.339293200978091 0.34483648932886124 0.11699758834405724 
-1.0665978719477747 -0.08789577181057422 -1.2337065680893589 -1.22593125177903 
0.3069720704630171 -0.8029800170491549 1.0213549425080979 0.2390820283552468 
-1.1914678667123917 0.09087528949907116 -1.2900831058542954 -1.3480156917902197 
1.5556720181091919 -0.08789577181057422 1.1904845558029076 1.0936731084335753 
